24 51 54 75 59 8 16 0 8
24 51 54 75 59 13 17 0 7
24 51 54 75 59 30 17 0 2
24 51 54 75 59 4 18 1 4
24 51 54 75 59 17 16 1 8
24 51 54 75 59 29 18 1 5
25 84 57 88 89 2 16 0 3
25 84 57 88 89 8 16 0 8
25 84 57 88 89 13 17 0 7
25 84 57 88 89 30 17 0 2
25 84 57 88 89 4 18 1 4
25 84 57 88 89 17 16 1 8
25 84 57 88 89 29 18 1 5
26 69 52 66 82 2 16 0 3
26 69 52 66 82 8 16 0 8
26 69 52 66 82 13 17 0 7
26 69 52 66 82 30 17 0 2
26 69 52 66 82 4 18 1 4
26 69 52 66 82 17 16 1 8
26 69 52 66 82 29 18 1 5
27 97 94 70 91 2 16 0 3
27 97 94 70 91 8 16 0 8
27 97 94 70 91 13 17 0 7
27 97 94 70 91 30 17 0 2
27 97 94 70 91 4 18 1 4
27 97 94 70 91 17 16 1 8
27 97 94 70 91 29 18 1 5
