28 91 91 73 88 2 16 0 3
28 91 91 73 88 8 16 0 8
28 91 91 73 88 13 17 0 7
28 91 91 73 88 30 17 0 2
28 91 91 73 88 4 18 1 4
28 91 91 73 88 17 16 1 8
28 91 91 73 88 29 18 1 5
29 92 50 75 65 2 16 0 3
29 92 50 75 65 8 16 0 8
29 92 50 75 65 13 17 0 7
29 92 50 75 65 30 17 0 2
29 92 50 75 65 4 18 1 4
29 92 50 75 65 17 16 1 8
29 92 50 75 65 29 18 1 5
30 83 100 61 67 2 16 0 3
30 83 100 61 67 8 16 0 8
30 83 100 61 67 13 17 0 7
30 83 100 61 67 30 17 0 2
30 83 100 61 67 4 18 1 4
30 83 100 61 67 17 16 1 8
30 83 100 61 67 29 18 1 5
