20 73 60 50 62 13 17 0 7
20 73 60 50 62 30 17 0 2
20 73 60 50 62 4 18 1 4
20 73 60 50 62 17 16 1 8
20 73 60 50 62 29 18 1 5
21 78 98 74 82 2 16 0 3
21 78 98 74 82 8 16 0 8
21 78 98 74 82 13 17 0 7
21 78 98 74 82 30 17 0 2
21 78 98 74 82 4 18 1 4
21 78 98 74 82 17 16 1 8
21 78 98 74 82 29 18 1 5
22 60 70 72 100 2 16 0 3
22 60 70 72 100 8 16 0 8
22 60 70 72 100 13 17 0 7
22 60 70 72 100 30 17 0 2
22 60 70 72 100 4 18 1 4
22 60 70 72 100 17 16 1 8
22 60 70 72 100 29 18 1 5
23 80 73 62 64 2 16 0 3
23 80 73 62 64 8 16 0 8
23 80 73 62 64 13 17 0 7
23 80 73 62 64 30 17 0 2
23 80 73 62 64 4 18 1 4
23 80 73 62 64 17 16 1 8
23 80 73 62 64 29 18 1 5
24 51 54 75 59 2 16 0 3
