8 64 94 86 86 17 16 1 8
8 64 94 86 86 29 18 1 5
9 96 89 72 78 2 16 0 3
9 96 89 72 78 8 16 0 8
9 96 89 72 78 13 17 0 7
9 96 89 72 78 30 17 0 2
9 96 89 72 78 4 18 1 4
9 96 89 72 78 17 16 1 8
9 96 89 72 78 29 18 1 5
10 87 77 81 58 2 16 0 3
10 87 77 81 58 8 16 0 8
10 87 77 81 58 13 17 0 7
10 87 77 81 58 30 17 0 2
10 87 77 81 58 4 18 1 4
10 87 77 81 58 17 16 1 8
10 87 77 81 58 29 18 1 5
11 92 65 92 80 2 16 0 3
11 92 65 92 80 8 16 0 8
11 92 65 92 80 13 17 0 7
11 92 65 92 80 30 17 0 2
11 92 65 92 80 4 18 1 4
11 92 65 92 80 17 16 1 8
11 92 65 92 80 29 18 1 5
12 96 57 76 92 2 16 0 3
12 96 57 76 92 8 16 0 8
12 96 57 76 92 13 17 0 7
12 96 57 76 92 30 17 0 2
