16 100 97 75 81 30 17 0 2
16 100 97 75 81 4 18 1 4
16 100 97 75 81 17 16 1 8
16 100 97 75 81 29 18 1 5
17 84 54 67 100 2 16 0 3
17 84 54 67 100 8 16 0 8
17 84 54 67 100 13 17 0 7
17 84 54 67 100 30 17 0 2
17 84 54 67 100 4 18 1 4
17 84 54 67 100 17 16 1 8
17 84 54 67 100 29 18 1 5
18 51 57 52 50 2 16 0 3
18 51 57 52 50 8 16 0 8
18 51 57 52 50 13 17 0 7
18 51 57 52 50 30 17 0 2
18 51 57 52 50 4 18 1 4
18 51 57 52 50 17 16 1 8
18 51 57 52 50 29 18 1 5
19 87 85 95 83 2 16 0 3
19 87 85 95 83 8 16 0 8
19 87 85 95 83 13 17 0 7
19 87 85 95 83 30 17 0 2
19 87 85 95 83 4 18 1 4
19 87 85 95 83 17 16 1 8
19 87 85 95 83 29 18 1 5
20 73 60 50 62 2 16 0 3
20 73 60 50 62 8 16 0 8
