4 53 57 92 83 29 18 1 5
5 75 69 53 63 2 16 0 3
5 75 69 53 63 8 16 0 8
5 75 69 53 63 13 17 0 7
5 75 69 53 63 30 17 0 2
5 75 69 53 63 4 18 1 4
5 75 69 53 63 17 16 1 8
5 75 69 53 63 29 18 1 5
6 66 73 72 61 2 16 0 3
6 66 73 72 61 8 16 0 8
6 66 73 72 61 13 17 0 7
6 66 73 72 61 30 17 0 2
6 66 73 72 61 4 18 1 4
6 66 73 72 61 17 16 1 8
6 66 73 72 61 29 18 1 5
7 90 73 95 60 2 16 0 3
7 90 73 95 60 8 16 0 8
7 90 73 95 60 13 17 0 7
7 90 73 95 60 30 17 0 2
7 90 73 95 60 4 18 1 4
7 90 73 95 60 17 16 1 8
7 90 73 95 60 29 18 1 5
8 64 94 86 86 2 16 0 3
8 64 94 86 86 8 16 0 8
8 64 94 86 86 13 17 0 7
8 64 94 86 86 30 17 0 2
8 64 94 86 86 4 18 1 4
