1 91 58 58 99 2 16 0 3
1 91 58 58 99 8 16 0 8
1 91 58 58 99 13 17 0 7
1 91 58 58 99 30 17 0 2
1 91 58 58 99 4 18 1 4
1 91 58 58 99 17 16 1 8
1 91 58 58 99 29 18 1 5
2 100 83 83 53 2 16 0 3
2 100 83 83 53 8 16 0 8
2 100 83 83 53 13 17 0 7
2 100 83 83 53 30 17 0 2
2 100 83 83 53 4 18 1 4
2 100 83 83 53 17 16 1 8
2 100 83 83 53 29 18 1 5
3 88 93 71 65 2 16 0 3
3 88 93 71 65 8 16 0 8
3 88 93 71 65 13 17 0 7
3 88 93 71 65 30 17 0 2
3 88 93 71 65 4 18 1 4
3 88 93 71 65 17 16 1 8
3 88 93 71 65 29 18 1 5
4 53 57 92 83 2 16 0 3
4 53 57 92 83 8 16 0 8
4 53 57 92 83 13 17 0 7
4 53 57 92 83 30 17 0 2
4 53 57 92 83 4 18 1 4
4 53 57 92 83 17 16 1 8
