12 96 57 76 92 4 18 1 4
12 96 57 76 92 17 16 1 8
12 96 57 76 92 29 18 1 5
13 68 75 83 99 2 16 0 3
13 68 75 83 99 8 16 0 8
13 68 75 83 99 13 17 0 7
13 68 75 83 99 30 17 0 2
13 68 75 83 99 4 18 1 4
13 68 75 83 99 17 16 1 8
13 68 75 83 99 29 18 1 5
14 91 86 68 53 2 16 0 3
14 91 86 68 53 8 16 0 8
14 91 86 68 53 13 17 0 7
14 91 86 68 53 30 17 0 2
14 91 86 68 53 4 18 1 4
14 91 86 68 53 17 16 1 8
14 91 86 68 53 29 18 1 5
15 94 71 60 85 2 16 0 3
15 94 71 60 85 8 16 0 8
15 94 71 60 85 13 17 0 7
15 94 71 60 85 30 17 0 2
15 94 71 60 85 4 18 1 4
15 94 71 60 85 17 16 1 8
15 94 71 60 85 29 18 1 5
16 100 97 75 81 2 16 0 3
16 100 97 75 81 8 16 0 8
16 100 97 75 81 13 17 0 7
