9 20 1 8 7 56 0 6 462991
9 20 1 8 8 55 0 4 347410
9 20 1 8 9 31 0 5 359453
9 20 1 8 10 34 0 4 206027
10 19 1 5 1 47 0 10 433456
10 19 1 5 2 47 0 3 423529
10 19 1 5 3 36 1 9 183546
10 19 1 5 4 40 0 10 112134
10 19 1 5 5 37 1 2 205481
10 19 1 5 6 38 1 7 466075
10 19 1 5 7 56 0 6 462991
10 19 1 5 8 55 0 4 347410
10 19 1 5 9 31 0 5 359453
10 19 1 5 10 34 0 4 206027
12 12 1 5 1 47 0 10 433456
12 12 1 5 2 47 0 3 423529
12 12 1 5 3 36 1 9 183546
12 12 1 5 4 40 0 10 112134
12 12 1 5 5 37 1 2 205481
12 12 1 5 6 38 1 7 466075
12 12 1 5 7 56 0 6 462991
12 12 1 5 8 55 0 4 347410
12 12 1 5 9 31 0 5 359453
12 12 1 5 10 34 0 4 206027
17 16 1 8 1 47 0 10 433456
17 16 1 8 2 47 0 3 423529
17 16 1 8 3 36 1 9 183546
