6 20 0 8 8 55 0 4 347410
6 20 0 8 9 31 0 5 359453
6 20 0 8 10 34 0 4 206027
7 19 0 9 1 47 0 10 433456
7 19 0 9 2 47 0 3 423529
7 19 0 9 3 36 1 9 183546
7 19 0 9 4 40 0 10 112134
7 19 0 9 5 37 1 2 205481
7 19 0 9 6 38 1 7 466075
7 19 0 9 7 56 0 6 462991
7 19 0 9 8 55 0 4 347410
7 19 0 9 9 31 0 5 359453
7 19 0 9 10 34 0 4 206027
8 16 0 8 1 47 0 10 433456
8 16 0 8 2 47 0 3 423529
8 16 0 8 3 36 1 9 183546
8 16 0 8 4 40 0 10 112134
8 16 0 8 5 37 1 2 205481
8 16 0 8 6 38 1 7 466075
8 16 0 8 7 56 0 6 462991
8 16 0 8 8 55 0 4 347410
8 16 0 8 9 31 0 5 359453
8 16 0 8 10 34 0 4 206027
11 15 0 1 1 47 0 10 433456
11 15 0 1 2 47 0 3 423529
11 15 0 1 3 36 1 9 183546
11 15 0 1 4 40 0 10 112134
