2 16 0 3 1 47 0 10 433456
2 16 0 3 2 47 0 3 423529
2 16 0 3 3 36 1 9 183546
2 16 0 3 4 40 0 10 112134
2 16 0 3 5 37 1 2 205481
2 16 0 3 6 38 1 7 466075
2 16 0 3 7 56 0 6 462991
2 16 0 3 8 55 0 4 347410
2 16 0 3 9 31 0 5 359453
2 16 0 3 10 34 0 4 206027
5 12 0 1 1 47 0 10 433456
5 12 0 1 2 47 0 3 423529
5 12 0 1 3 36 1 9 183546
5 12 0 1 4 40 0 10 112134
5 12 0 1 5 37 1 2 205481
5 12 0 1 6 38 1 7 466075
5 12 0 1 7 56 0 6 462991
5 12 0 1 8 55 0 4 347410
5 12 0 1 9 31 0 5 359453
5 12 0 1 10 34 0 4 206027
6 20 0 8 1 47 0 10 433456
6 20 0 8 2 47 0 3 423529
6 20 0 8 3 36 1 9 183546
6 20 0 8 4 40 0 10 112134
6 20 0 8 5 37 1 2 205481
6 20 0 8 6 38 1 7 466075
6 20 0 8 7 56 0 6 462991
