17 16 1 8 4 40 0 10 112134
17 16 1 8 5 37 1 2 205481
17 16 1 8 6 38 1 7 466075
17 16 1 8 7 56 0 6 462991
17 16 1 8 8 55 0 4 347410
17 16 1 8 9 31 0 5 359453
17 16 1 8 10 34 0 4 206027
18 13 1 2 1 47 0 10 433456
18 13 1 2 2 47 0 3 423529
18 13 1 2 3 36 1 9 183546
18 13 1 2 4 40 0 10 112134
18 13 1 2 5 37 1 2 205481
18 13 1 2 6 38 1 7 466075
18 13 1 2 7 56 0 6 462991
18 13 1 2 8 55 0 4 347410
18 13 1 2 9 31 0 5 359453
18 13 1 2 10 34 0 4 206027
24 15 1 9 1 47 0 10 433456
24 15 1 9 2 47 0 3 423529
24 15 1 9 3 36 1 9 183546
24 15 1 9 4 40 0 10 112134
24 15 1 9 5 37 1 2 205481
24 15 1 9 6 38 1 7 466075
24 15 1 9 7 56 0 6 462991
24 15 1 9 8 55 0 4 347410
24 15 1 9 9 31 0 5 359453
24 15 1 9 10 34 0 4 206027
