30 17 0 2 25 84 57 88 89
30 17 0 2 26 69 52 66 82
30 17 0 2 27 97 94 70 91
30 17 0 2 28 91 91 73 88
30 17 0 2 29 92 50 75 65
30 17 0 2 30 83 100 61 67
18 13 1 2 1 91 58 58 99
18 13 1 2 2 100 83 83 53
18 13 1 2 3 88 93 71 65
18 13 1 2 4 53 57 92 83
18 13 1 2 5 75 69 53 63
18 13 1 2 6 66 73 72 61
18 13 1 2 7 90 73 95 60
18 13 1 2 8 64 94 86 86
18 13 1 2 9 96 89 72 78
18 13 1 2 10 87 77 81 58
18 13 1 2 11 92 65 92 80
18 13 1 2 12 96 57 76 92
18 13 1 2 13 68 75 83 99
18 13 1 2 14 91 86 68 53
18 13 1 2 15 94 71 60 85
18 13 1 2 16 100 97 75 81
18 13 1 2 17 84 54 67 100
18 13 1 2 18 51 57 52 50
18 13 1 2 19 87 85 95 83
18 13 1 2 20 73 60 50 62
18 13 1 2 21 78 98 74 82
