15 20 0 2 2 47 0 3 423529
15 20 0 2 3 36 1 9 183546
15 20 0 2 4 40 0 10 112134
15 20 0 2 5 37 1 2 205481
15 20 0 2 6 38 1 7 466075
15 20 0 2 7 56 0 6 462991
15 20 0 2 8 55 0 4 347410
15 20 0 2 9 31 0 5 359453
15 20 0 2 10 34 0 4 206027
16 14 0 6 1 47 0 10 433456
16 14 0 6 2 47 0 3 423529
16 14 0 6 3 36 1 9 183546
16 14 0 6 4 40 0 10 112134
16 14 0 6 5 37 1 2 205481
16 14 0 6 6 38 1 7 466075
16 14 0 6 7 56 0 6 462991
16 14 0 6 8 55 0 4 347410
16 14 0 6 9 31 0 5 359453
16 14 0 6 10 34 0 4 206027
19 19 0 3 1 47 0 10 433456
19 19 0 3 2 47 0 3 423529
19 19 0 3 3 36 1 9 183546
19 19 0 3 4 40 0 10 112134
19 19 0 3 5 37 1 2 205481
19 19 0 3 6 38 1 7 466075
19 19 0 3 7 56 0 6 462991
19 19 0 3 8 55 0 4 347410
