26 12 0 8 3 36 1 9 183546
26 12 0 8 4 40 0 10 112134
26 12 0 8 5 37 1 2 205481
26 12 0 8 6 38 1 7 466075
26 12 0 8 7 56 0 6 462991
26 12 0 8 8 55 0 4 347410
26 12 0 8 9 31 0 5 359453
26 12 0 8 10 34 0 4 206027
30 17 0 2 1 47 0 10 433456
30 17 0 2 2 47 0 3 423529
30 17 0 2 3 36 1 9 183546
30 17 0 2 4 40 0 10 112134
30 17 0 2 5 37 1 2 205481
30 17 0 2 6 38 1 7 466075
30 17 0 2 7 56 0 6 462991
30 17 0 2 8 55 0 4 347410
30 17 0 2 9 31 0 5 359453
30 17 0 2 10 34 0 4 206027
1 15 1 9 1 47 0 10 433456
1 15 1 9 2 47 0 3 423529
1 15 1 9 3 36 1 9 183546
1 15 1 9 4 40 0 10 112134
1 15 1 9 5 37 1 2 205481
1 15 1 9 6 38 1 7 466075
1 15 1 9 7 56 0 6 462991
1 15 1 9 8 55 0 4 347410
1 15 1 9 9 31 0 5 359453
