27 14 1 2 1 47 0 10 433456
27 14 1 2 2 47 0 3 423529
27 14 1 2 3 36 1 9 183546
27 14 1 2 4 40 0 10 112134
27 14 1 2 5 37 1 2 205481
27 14 1 2 6 38 1 7 466075
27 14 1 2 7 56 0 6 462991
27 14 1 2 8 55 0 4 347410
27 14 1 2 9 31 0 5 359453
27 14 1 2 10 34 0 4 206027
28 13 1 10 1 47 0 10 433456
28 13 1 10 2 47 0 3 423529
28 13 1 10 3 36 1 9 183546
28 13 1 10 4 40 0 10 112134
28 13 1 10 5 37 1 2 205481
28 13 1 10 6 38 1 7 466075
28 13 1 10 7 56 0 6 462991
28 13 1 10 8 55 0 4 347410
28 13 1 10 9 31 0 5 359453
28 13 1 10 10 34 0 4 206027
29 18 1 5 1 47 0 10 433456
29 18 1 5 2 47 0 3 423529
29 18 1 5 3 36 1 9 183546
29 18 1 5 4 40 0 10 112134
29 18 1 5 5 37 1 2 205481
29 18 1 5 6 38 1 7 466075
29 18 1 5 7 56 0 6 462991
