11 15 0 1 5 37 1 2 205481
11 15 0 1 6 38 1 7 466075
11 15 0 1 7 56 0 6 462991
11 15 0 1 8 55 0 4 347410
11 15 0 1 9 31 0 5 359453
11 15 0 1 10 34 0 4 206027
13 17 0 7 1 47 0 10 433456
13 17 0 7 2 47 0 3 423529
13 17 0 7 3 36 1 9 183546
13 17 0 7 4 40 0 10 112134
13 17 0 7 5 37 1 2 205481
13 17 0 7 6 38 1 7 466075
13 17 0 7 7 56 0 6 462991
13 17 0 7 8 55 0 4 347410
13 17 0 7 9 31 0 5 359453
13 17 0 7 10 34 0 4 206027
14 12 0 5 1 47 0 10 433456
14 12 0 5 2 47 0 3 423529
14 12 0 5 3 36 1 9 183546
14 12 0 5 4 40 0 10 112134
14 12 0 5 5 37 1 2 205481
14 12 0 5 6 38 1 7 466075
14 12 0 5 7 56 0 6 462991
14 12 0 5 8 55 0 4 347410
14 12 0 5 9 31 0 5 359453
14 12 0 5 10 34 0 4 206027
15 20 0 2 1 47 0 10 433456
