1 15 1 9 10 34 0 4 206027
3 20 1 9 1 47 0 10 433456
3 20 1 9 2 47 0 3 423529
3 20 1 9 3 36 1 9 183546
3 20 1 9 4 40 0 10 112134
3 20 1 9 5 37 1 2 205481
3 20 1 9 6 38 1 7 466075
3 20 1 9 7 56 0 6 462991
3 20 1 9 8 55 0 4 347410
3 20 1 9 9 31 0 5 359453
3 20 1 9 10 34 0 4 206027
4 18 1 4 1 47 0 10 433456
4 18 1 4 2 47 0 3 423529
4 18 1 4 3 36 1 9 183546
4 18 1 4 4 40 0 10 112134
4 18 1 4 5 37 1 2 205481
4 18 1 4 6 38 1 7 466075
4 18 1 4 7 56 0 6 462991
4 18 1 4 8 55 0 4 347410
4 18 1 4 9 31 0 5 359453
4 18 1 4 10 34 0 4 206027
9 20 1 8 1 47 0 10 433456
9 20 1 8 2 47 0 3 423529
9 20 1 8 3 36 1 9 183546
9 20 1 8 4 40 0 10 112134
9 20 1 8 5 37 1 2 205481
9 20 1 8 6 38 1 7 466075
