19 19 0 3 9 31 0 5 359453
19 19 0 3 10 34 0 4 206027
20 19 0 9 1 47 0 10 433456
20 19 0 9 2 47 0 3 423529
20 19 0 9 3 36 1 9 183546
20 19 0 9 4 40 0 10 112134
20 19 0 9 5 37 1 2 205481
20 19 0 9 6 38 1 7 466075
20 19 0 9 7 56 0 6 462991
20 19 0 9 8 55 0 4 347410
20 19 0 9 9 31 0 5 359453
20 19 0 9 10 34 0 4 206027
21 19 0 8 1 47 0 10 433456
21 19 0 8 2 47 0 3 423529
21 19 0 8 3 36 1 9 183546
21 19 0 8 4 40 0 10 112134
21 19 0 8 5 37 1 2 205481
21 19 0 8 6 38 1 7 466075
21 19 0 8 7 56 0 6 462991
21 19 0 8 8 55 0 4 347410
21 19 0 8 9 31 0 5 359453
21 19 0 8 10 34 0 4 206027
22 15 0 4 1 47 0 10 433456
22 15 0 4 2 47 0 3 423529
22 15 0 4 3 36 1 9 183546
22 15 0 4 4 40 0 10 112134
22 15 0 4 5 37 1 2 205481
