22 15 0 4 6 38 1 7 466075
22 15 0 4 7 56 0 6 462991
22 15 0 4 8 55 0 4 347410
22 15 0 4 9 31 0 5 359453
22 15 0 4 10 34 0 4 206027
23 13 0 3 1 47 0 10 433456
23 13 0 3 2 47 0 3 423529
23 13 0 3 3 36 1 9 183546
23 13 0 3 4 40 0 10 112134
23 13 0 3 5 37 1 2 205481
23 13 0 3 6 38 1 7 466075
23 13 0 3 7 56 0 6 462991
23 13 0 3 8 55 0 4 347410
23 13 0 3 9 31 0 5 359453
23 13 0 3 10 34 0 4 206027
25 19 0 5 1 47 0 10 433456
25 19 0 5 2 47 0 3 423529
25 19 0 5 3 36 1 9 183546
25 19 0 5 4 40 0 10 112134
25 19 0 5 5 37 1 2 205481
25 19 0 5 6 38 1 7 466075
25 19 0 5 7 56 0 6 462991
25 19 0 5 8 55 0 4 347410
25 19 0 5 9 31 0 5 359453
25 19 0 5 10 34 0 4 206027
26 12 0 8 1 47 0 10 433456
26 12 0 8 2 47 0 3 423529
